1042.6
1042
1046.6
1045
1049.75
1050.6
1048.25
1045.05
1043.6
1047.9
1047.2
1047.3
1045.35
1049
1046
1047.3
1049.35
1055.75
1051.85
1052.95
1050.5
1046.35
1047.9
1049.65
1043.7
1042
1045.55
1044.25
1048.15
1045.5
1042.05
1044.85
1043.6
1038.2
1032.85
1028.5
1024.5
1025.3
1037.8
1034
1028.8
1025.9
1033.6
1033.1
1032.5
1037.45
1035.6
1037.55
1035.5
1036.25
1034.05
1032.75
1030
1028.6
1028.15
1025.65
1024.3
1025.35
1024.5
1023
1022.35
1021.7
1023
1020.75
1021.4
1023.75
1019.6
1019.75
1021.35
1022
1027.25
1024.5
1025.4
1029.85
1031.05
1037.75
1049
1049
1047.4
1041.5
1040.85
1038.7
1033.8
1035.65
1040
1040.15
1046.3
1049.5
1049.55
1052
1047.65
1046.05
1048.3
1050.5
1051.7
1051.25
1053.7
1055
1052.9
1051.85
1052.2
1051.7
1051.5
1051.2
1049.2
1056
1057.8
1058.25
1064.05
1062
1066.75
1064.5
1064.1
1066.8
1061.5
1058.25
1057.1
1050.2
1052.7
1056.05
1049
1046.2
1050.35
1050.95
1048.1
1050.1
1050.15
1054.45
1054.35
1054.8
1055.45
1056.95
1059.3
1056.8
1059.05
1057.2
1057.8
1055.45
1054.9
1055
1058.25
1059.7
1055.15
1061
1058.15
1056.65
1052.65
1053.3
1050.55
1049.95
1047.6
1048.95
1062.65
1061.65
1060.55
1068.15
1070.65
1070.25
1080.55
1081.55
1080.1
1079.35
1080.2
1078.5
1083.45
1082.55
1083.45
1082.65
1084.5
1087.35
1085.7
1082.8
1086.45
1083.05
1082.75
1081
1079.9
1085.25
1088.8
1091.3
1089.25
1089
1094.05
1099.5
1102.9
1100.75
1100.75
1108.1
1110.6
1107.75
1099.1
1101.4
1101.6
1104.15
1100.55
1100.8
1108
1099.25
1095
1091.8
1088
1093.4
1090.2
1088.7
1093.45
1092.8
1093.95
1094
1094.7
1094.45
1093.25
1094
1090
1092.55
1090
1090
1088.45
1087.8
1089.1
1089.8
1089.5
1091.15
1094.4
1091.3
1098.5
1090.05
1083.75
1095.7
1151.35
1146.9
1155.4
1152
1164.45
1165.15
1159.5
1165.45
1165.75
1165.5
1168.2
1166.7
1163
1164.4
1165.85
1168.85
1168.95
1170.5
1170
1172.1
1173.25
1170.65
1169.95
1167.9
1170.7
1174.75
1173
1173.45
1173.6
1173.6
1175
1177.15
1175
1172.5
1172.5
1172.75
1174.5
1168.5
1166
1164.3
1164.45
1161.5
1158.9
1159
1162.25
1162
1159.95
1161.05
1158.25
1154.9
1153.25
1152.8
1153
1152.05
1153
1148.15
1145.5
1147.75
1146.05
1146.95
1146.25
1147
1147.8
1148.2
1149
1147.5
1145.55
1142.6
1143.2
1145.8
1142.4
1142.9
1143.7
1146.3
1144.75
1148.5
1137.75
1139.5
1139.5
1140.5
1140.9
1140.35
1139.9
1136.85
1139.1
1141.75
1138.3
1141.2
1144.15
1145.85
1141
1140.85
1139.4
1137.1
1136.4
1134.15
1132.55
1131.6
1133.75
1129.8
1131
1132.25
1134.45
1134.8
1136.6
1139.4
1138.25
1140
1140.4
1140.4
1136.55
1138.55
1132.65
1126
1125.5
1127.9
1126.6
1125.35
1122.75
1123.25
1124.75
1124.25
1127
1124.55
1118.25
1121.5
1122.5
1122.9
1121.9
1118.1
1124.85
1124.4
1122
1124.2
1121
1121.8
1122.95
1124
1123.9
1127.25
1119.25
1118.5
1118.6
1116.6
1119.2
1118.75
1120.6
1119.75
1119.65
1121.75
1119.7
1113
1089.4
1089.45
1086.5
1087.85
1088
1086.7
1089.2
1096.6
1095.3
1106.3
1107.25
1110.3
1111.75
1104.5
1102
1102
1095.15
1084.25
1079.5
1083.25
1082.4
1081.1
1077.4
1074.1
1072.2
1072.65
1074.15
1073.45
1076.7
1078.65
1074.95
1075.45
1075.55
1075.45
1076.9
1073.35
1068.65
1066.05
1103
1105.15
1101.3
1100.7
1098.45
1101.9
1096.45
1102.25
1100
1096.4
1095.85
1099.5
1101.8
1101.7
1097.65
1095.25
1099.2
1099.55
1101.8
1103.5
1105.05
1104
1103.8
1104.5
1107.85
1107.55
1110.25
1109.8
1112.95
1109.9
1107.8
1105.3
1098.4
1098.25
1096.9
1098.55
1097.85
1099
1083
1085.05
1088
1093.6
1111
1113.3
1111.5
1109.45
1108.7
1105.55
1105.5
1107.05
1107.2
1109.05
1104.8
1107.9
1104
1103.1
1109.25
1107.4
1104
1104.5
1109.6
1109.7
1110.9
1105.3
1103.1
1104
1099
1102.05
1104.45
1109
1112.2
1101.9
1099.35
1103.95
1104.4
1116.9
1110
1108.2
1113.5
1112.6
1091.55
1078.4
1077.3
1075.3
1075.05
1081.4
1081.85
1083.3
1083.25
1084.85
1090.5
1093.5
1099.3
1097.95
1096.85
1102.75
1103.35
1100.75
1102.25
1103.1
1107
1099
1103.2
1093
1090.8
1082.7
1082.9
1088.2
1078.7
1067.75
1063.5
1046.2
1034.1
1039.65
1049.45
1040
1050.85
1053
1062.25
1067.3
1069.7
1073.2
1077.45
1078.8
1077
1080.45
1080.05
1079.6
1080.2
1084.7
1083.6
1084.05
1081
1079.65
1080.75
1079.35
1078.55
1087.45
1089.6
1088.65
1094.2
1090.5
1085.25
1082.2
1080.5
1087.45
1088.1
1098.05
1101.25
1101.15
1108.9
1111.5
1110
1115.8
1128.25
1130.15
1131.25
1134.05
1134.4
1131.85
1126.75
1126.65
1130.1
1127.35
1128.4
1128.25
1130.1
1131.45
1135.7
1137.6
1133
1128.2
1129.8
1124.3
1131.8
1131.6
1143.25
1146.4
1146.7
1147.3
1146.5
1147.2
1145.1
1144
1149.35
1150.5
1153.4
1151.7
1157
1166.85
1201.25
1201
1206.4
1209.2
1208.7
1209.4
1209.6
1211
1210.6
1215.85
1215.1
1218
1216.15
1217.5
1215.35
1215.05
1220.05
1221.3
1221.85
1222.1
1227.95
1223.05
1219.3
1221.3
1219.9
1222
1222.6
1224.95
1224.35
1221.1
1221
1224.4
1229.35
1229.3
1226.95
1227.7
1235.75
1230.5
1235.6
1235.75
1232.25
1229.25
1226.2
1229
1226.55
1226.75
1223.3
1224.5
1224.6
1219.8
1222.7
1220
1216.45
1220.35
1223
1219.15
1216.6
1215.85
1215.85
1214.5
1216
1214.4
1231.85
1241.75
1243.75
1246.5
1247.8
1247.3
1247.4
1247.3
1247.8
1250.15
1245.25
1244.5
1249.65
1250.75
1255
1255.7
1260.1
1258.45
1251.7
1252.1
1250.9
1253.25
1255.75
1254.25
1259.65
1268.75
1267.3
1264.9
1265.2
1265.2
1263.55
1262.8
1265.1
1264.1
1264.45
1266.5
1269
1268.85
1268.3
1266.3
1263.6
1263.4
1261.2
1263.6
1264.4
1261
1258.95
1257.1
1260.25
1258.8
1256.75
1259.45
1252.05
1255.5
1255.95
1251.1
1249.6
1249.95
1249.5
1251.75
1247.1
1249.55
1244.25
1246.55
1242.8
1245.6
1251
1251.7
1249.8
1251.3
1249.5
1254.15
1252.8
1254.35
1252.95
1250
1254.35
1251.35
1251.95
1250.85
1252
1249.55
1250.1
1252.55
1252.5
1253.05
1255.9
1259.25
1262
1257.05
1253.5
1251.75
1253
1248.2
1246.5
1240.75
1239.35
1242.5
1241.5
1234
1234.4
1235
1235.7
1235.45
1234.9
1234.95
1236.9
1234.75
1237.9
1234.9
1233
1231.95
1232.9
1234
1230.05
1233.45
1230
1228.75
1230.5
1231.65
1228.6
1233.3
1233.75
1234.75
1231.25
1230.9
1235.45
1235.1
1229.5
1229.75
1234.4
1230.8
1221
1214.3
1209
1212.95
1217.4
1203.95
1203.3
1206.6
1214.5
1221.9
1226
1229.4
1228.8
1230
1229.7
1227
1233.75
1236.9
1234.8
1232.9
1231.25
1234.75
1237.35
1238.35
1236.6
1240.25
1239.9
1241.6
1241.85
1236.1
1237.15
1234.55
1236.55
1237.65
1234.55
1230
1232.05
1234.9
1233.05
1237.2
1230.4
1223
1221.9
1219.45
1222.5
1225.4
1219.25
1218.25
1224
1219.1
1220.85
1214.15
1208.55
1212.35
1210.85
1217.55
1218
1220.55
1218.6
1221.1
1222.65
1221.05
1224.1
1225.25
1225.3
1224.1
1219.25
1223.25
1223.8
1224.9
1222.15
1218.95
1216.2
1222.75
1215.55
1219.4
1223
1222.3
1212.15
1221.3
1219.2
1221.95
1224
1222.1
1223.05
1219.75
1218.5
1211.5
1216.9
1221
1229.15
1232.15
1231.55
1228.35
1228.65
1230.3
1232.3
1234.05
1235.15
1236.3
1235.65
1234.9
1236.1
1232.7
1235.25
1236.25
1229
1227.2
1226.85
1228
1212.95
1213.65
1208.5
1208.45
1208.4
1205
1204.35
1205.25
1208.3
1208.65
1211.2
1211.85
1208.8
1205.75
1204.2
1210.25
1214.65
1216.65
1213.9
1215.6
1215.1
1219.05
1218.35
1218.45
1218.8
1215.85
1215.5
1213.4
1214.5
1217.1
1219
1218.3
1216.95
1216.95
1218.35
1216.7
1216.45
1219.75
1215.4
1215.7
1216.65
1219
1223.85
1227.35
1229.75
1232.6
1234.05
1233.9
1232.85
1231.25
1234.95
1235.5
1234.95
1235.3
1235.4
1233.1
1233.2
1235.25
1234
1233.6
1235.45
1233.6
1231.75
1227.5
1227.65
1228.75
1230.35
1228.5
1229.15
1232.1
1230.65
1228.2
1226.7
1227.35
1232
1233.9
1224.4
1223.05
1226.85
1228.7
1229.15
1229.75
1231.2
1234.15
1235.55
1236.8
1237.65
1232.75
1232
1234.7
1235.35
1234.1
1233.05
1234.2
1229.45
1228
1228.55
1228.8
1229.85
1230.05
1231.5
1229.3
1230
1230
1230
1232.05
1236.5
1237
1238.45
1236.3
1239.65
1239.4
1237.25
1241.6
1252.55
1253
1253
1255.9
1252.05
1253.6
1252.7
1252.55
1254.5
1251.3
1256.2
1255.8
1256
1257.35
1257.25
1256.95
1253.8
1257.5
1257.8
1256.45
1254.05
1255.95
1250.65
1254
1252.25
1256.6
1257.25
1258.45
1258.1
1259
1258.7
1256.55
1261
1265
1264.2
1263.3
1262.9
1262.05
1251.1
1253.4
1252.8
1250.4
1251.8
1252.65
1254.1
1255.1
1250.4
1254.2
1246
1240.8
1238.8
1239.05
1237.3
1233
1230.8
1231.6
1235
1236.05
1237.95
1234
1240.5
1243.85
1244.05
1243.1
1244.1
1247.6
1243.6
1244.8
1242.55
1244.15
1245.8
1238.05
1236.5
1233
1239.05
1233.7
1236
1236
1237.15
1241.4
1242.2
1244.7
1242.8
1248.4
1251.8
1258
1258
1258.25
1260.1
1258.2
1260
1260.65
1260
1260.4
1262.9
1259.3
1256
1256.1
1253
1254.1
1257.1
1258.9
1259.4
1261.75
1260.75
1260.55
1261.3
1261.95
1264.4
1265
1260.55
1263.65
1256.3
1250.8
1254.4
1253.9
1257.2
1256.3
1257.4
1257.7
1257.95
1256.5
1257
1258.6
1259
1254.2
1258.3
1256.65
1259
1258.25
1252
1260.8
1261.85
1264.5
1269.5
1271.15
1269.7
1272.85
1272.9
1269.5
1268.8
1269.55
1270.3
1269.5
1272.65
1269.85
1266
1264.45
1264
1267.4
1267.2
1272.65
1277.25
1278.9
1278.95
1277.4
1280.85
1276.85
1275.95
1275.75
1274.95
1273.5
1275.95
1276.35
1273.95
1274.2
1276.55
1272.1
1269.75
1268.65
1269.9
1269.85
1269.3
1267.95
1270.9
1271.8
1272.9
1271.55
1274.15
1274.3
1273.65
1271
1270
1270.3
1270.7
1268.25
1270.75
1264.25
1264.5
1263.65
1260.6
1260.5
1257.45
1262.8
1262.1
1257.95
1249.55
1246.7
1241.75
1241.05
1237.9
1238.55
1232.95
1232.9
1232.65
1228.45
1229.55
1229
1233.5
1233.45
1232.9
1237.7
1237.2
1239.35
1243.05
1239.05
1240.7
1237.7
1236.65
1236.65
1238.1
1239.55
1235.75
1238.5
1236.85
1237.75
1229.8
1228.9
1225.85
1228.45
1225.6
1225.2
1226.7
1222.6
1220.4
1218.15
1213.3
1212.3
1212.7
1212.25
1211.8
1212.5
1220.95
1220.05
1220.5
1231
1232.4
1232.35
1235.65
1238.45
1236.9
1238
1234.6
1241.75
1242.45
1242.4
1245
1244.65
1244.1
1246.6
1247.5
1243.15
1245
1249.2
1249.95
1250.2
1245
1243.6
1240.2
1242.2
1237.45
1240.4
1235.85
1239.65
1243
1246.85
1243.35
1245
1244.3
1245.85
1251.5
1252.9
1253.9
1248.4
1246
1241.6
1245.1
1242.9
1242
1239.75
1243.75
1243
1241.25
1235.6
1234.25
1234.4
1235.35
1236.5
1235
1232.8
1235.95
1235
1234.5
1238.3
1228
1229.45
1230
1229.15
1235.25
1235
1233.15
1234.05
1234.55
1236.6
1243.15
1245.2
1246.4
1243.5
1245
1246.4
1249.85
1250.95
1253
1252
1255.9
1255.75
1252
1242
1237.65
1237.7
1238.4
1238
1239
1235.5
1235.6
1235
1236
1239
1238.55
1236.45
1234.75
1232.7
1238.45
1238.9
1242.7
1241.95
1240.4
1238.3
1239.6
1241.25
1240.9
1239.5
1239.85
1239.2
1240
1240.75
1240
1240.25
1242
1244
1243.5
1243.95
1246.05
1245.65
1246.85
1245.95
1245.6
1242.2
1245.8
1251
1251.6
1253.9
1252.5
1250.75
1254.75
1257.55
1256.65
1260
1259.35
1256.5
1277
1276.65
1273.15
1275.85
1279.3
1276
1278.4
1278.05
1278.25
1279.75
1278.4
1279.2
1279.05
1278.65
1276
1275.55
1277.65
1281.25
1282.85
1280
1280.55
1279.5
1280.8
1281.75
1280.05
1283.15
1280.95
1281
1278.25
1274.95
1275.8
1276.35
1276.3
1275.75
1281
1279.6
1282.7
1284.85
1293.1
1292.95
1292.8
1297.7
1303
1299.65
1296.95
1297.55
1299.65
1298.6
1302.25
1297.35
1299.3
1299.95
1304.3
1308
1308.75
1307.65
1320
1319.25
1319.55
1318.15
1321.5
1322.1
1324.05
1324.7
1325.45
1325.1
1327.05
1327
1325.7
1324.15
1322
1323.55
1324.15
1322.7
1322.55
1322
1322.95
1321.6
1317.15
1316.25
1313.9
1316.7
1316.5
1317.35
1320
1317.85
1318.2
1316.4
1316.55
1319.25
1319.6
1318
1318
1319
1316.3
1313.5
1314.65
1310.25
1305.35
1304.15
1304.5
1305.45
1302.55
1300.35
1300.1
1300
1299.45
1302.2
1301.8
1303.95
1299.25
1298
1299.5
1299.95
1292.05
1292
1291.6
1292.5
1292.45
1292.6
1293.45
1292.5
1291
1291.5
1291.5
1292.95
1290.2
1289.3
1289.6
1289.95
1291.75
1293.5
1293.05
1292.95
1293.6
1293.2
1295
1292.5
1293.95
1292.4
1290.5
1287.7
1285.75
1284.75
1286
1286.3
1284.55
1286.15
1287.6
1287.5
1289.55
1290
1276.75
1277.6
1278.35
1276.65
1278.05
1275.45
1273.95
1275.9
1275.65
1272.35
1271.85
1271.1
1271.75
1273.15
1269.5
1265.15
1264.05
1267.25
1267.95
1266.1
1267.15
1271
1269.85
1270.8
1269.2
1268.5
1267.8
1268.85
1267.5
1265.65
1266.1
1271.3
1273
1271.95
1274
1276.5
1273.55
1271.5
1266.9
1268.65
1270.5
1268.5
1267.5
1269.75
1270.65
1269.6
1269.45
1265.2
1264.75
1260.65
1260.15
1260.55
1258.55
1259
1258.2
1257
1256.65
1256.1
1255.95
1256.75
1256.6
1254.1
1254.55
1254.85
1255.3
1254.2
1255.4
1254.4
1253.65
1254.9
1245.5
1244.5
1242.65
1242.45
1240.1
1245.55
1246.7
1247.45
1246.75
1248.15
1248.3
1247.95
1247.1
1247.7
1246.5
1243.8
1249.4
1249.15
1249.7
1249.85
1249.75
1249.6
1249.6
1249.65
1249.65
1250.15
1247.9
1247.6
1245.55
1245.85
1247.5
1245.55
1245.05
1246.1
1246.9
1247.4
1247.45
1240.4
1233.5
1230.6
1228.7
1230.45
1228.2
1232.75
1235.15
1235.85
1234.6
1233.55
1234.4
1233.9
1233.5
1233
1235
1233.85
1234
1233.7
1234.1
1234.3
1231.65
1233.3
1231.55
1225.85
1225.15
1225.75
1226.25
1225
1225.8
1225.25
1226.4
1226.95
1226.3
1226.5
1226.6
1225.8
1227.15
1227.2
1225.25
1218.45
1214.9
1215.95
1218.4
1213.85
1202.65
1200.1
1204.2
1205.7
1207.5
1208.5
1207.85
1206.8
1207
1205.45
1206
1209.7
1209.55
1209.8
1210.5
1210.75
1210.35
1210.1
1210.1
1210.6
1212.65
1212.7
1212.7
1215.1
1211.65
1210
1211
1209.9
1210.8
1210.4
1210.35
1210.85
1212.3
1207.7
1207.15
1209
1208.95
1210
1200
1200.85
1200.2
1202.3
1202.3
1199.65
1202.95
1203.9
1204.9
1203.3
1202.7
1203.8
1202.7
1204.25
1202.8
1209.25
1208.4
1209.3
1209.8
1210.85
1210.8
1212.6
1211.9
1207.75
1211.55
1212.15
1212.75
1205.4
1202.1
1200.9
1201.6
1201.25
1202
1202
1200.5
1201.15
1197.05
1201.75
1211.9
1209.95
1211.35
1207.15
1208.95
1208
1206.9
1210.5
1210.8
1211.1
1211.25
1211.85
1212.2
1210.3
1211.8
1212.9
1211.6
1213.9
1209
1200.5
1193.5
1191.25
1191.1
1190.8
1191
1191.75
1188.2
1190.5
1189.2
1192
1192
1194.25
1192.65
1188
1188.05
1189.4
1189.8
1188.8
1189.5
1188.55
1187.9
1187.8
1189
1192.4
1195.5
1195.7
1194.4
1193.2
1196.95
1197.45
1195.95
1196.2
1196.45
1195
1197.95
1196.5
1197.5
1194.7
1196.35
1190.4
1188.95
1190.85
1189.55
1189.45
1189.65
1190.8
1190
1188.5
1188.2
1187.85
1188.65
1188.9
1186.9
1186.15
1190.4
1192.25
1204
1202.9
1203.85
1204.5
1205.35
1204.85
1205.95
1207.2
1209
1206.9
1205.5
1206.4
1208.75
1209.65
1208.25
1208.8
1210
1207.9
1207.1
1208.35
1211.2
1207.85
1205.4
1205
1207.1
1207.8
1207.9
1208
1209.8
1210.5
1212.65
1213.75
1209.95
1211.65
1210.5
1212
1210.55
1213
1218.5
1219.75
1217.65
1217.45
1218.75
1218.7
1219.35
1216.45
1218
1218
1218
1218
1215.75
1216.5
1221.2
1220.7
1218.55
1221
1221.5
1222.9
1223
1222.05
1220.9
1220.4
1222.05
1217
1215.6
1215.15
1220
1224.2
1225.4
1225.95
1225.15
1224.7
1227.9
1228.6
1224.8
1222.95
1220.8
1221.3
1217.7
1213.95
1209.3
1208.45
1209
1205.85
1206.8
1206.7
1205.05
1205.8
1207.45
1203.2
1202.25
1200.55
1200.5
1202.2
1202.3
1202.3
1202
1198.3
1196.85
1194.6
1194.85
1195.9
1197.75
1197.4
1197.5
1197.6
1198.35
1199
1193.85
1193.95
1194
1188.7
1189.5
1190.1
1184.7
1183.5
1183.3
1186.5
1186.65
1186.45
1186.15
1187
1187.85
1186.9
1185.6
1188.95
1189.45
1186.65
1183.55
1183.6
1182.75
1182.45
1183.25
1183.85
1184
1182.7
1182.3
1181
1181.95
1178.95
1180.8
1182.65
1182.1
1182.45
1182.95
1181.25
1186.2
1187.25
1187.75
1185.65
1185.5
1189.35
1194.5
1193.05
1192.15
1193
1192.2
1194
1193
1194.45
1192.35
1195.45
1191.9
1191.1
1189.25
1190.45
1190.65
1189.5
1191.5
1191.95
1191.8
1191.15
1190.75
1191.45
1192.55
1190.7
1190.9
1191.2
1192.15
1191.05
1182.85
1182.7
1182
1181.7
1181.2
1180.15
1178.3
1180
1183.05
1182.25
1175.4
1176.5
1177.3
1177.9
1176.95
1177.35
1175.6
1175.95
1177.6
1177.8
1177.7
1178
1177.4
1173.75
1171.9
1170.8
1171
1171.35
1171.4
1172
1170.25
1170.55
1170.65
1171.15
1174.3
1171.3
1171.8
1172.3
1172.8
1174.8
1175.9
1175.6
1176.3
1177.45
1178.55
1179.7
1179.25
1181.7
1169.2
1168.3
1168.5
1168.75
1171
1170.55
1169.45
1170.35
1167
1171.25
1172.2
1172.6
1171.5
1174.2
1172.9
1173.85
1177.65
1177.85
1175.5
1178.15
1175.25
1172.95
1172.15
1172.6
1172.7
1171.85
1171.45
1170.2
1173.3
1171.55
1174.35
1175.55
1176.85
1174.5
1174.45
1175.4
1180.4
1186
1188.7
1191.35
1193.45
1194
1192.5
1191.5
1192.95
1191.15
1191.15
1192.05
1188.4
1189.8
1191
1189.65
1188.25
1189.4
1190.8
1191.75
1191.45
1192.65
1193.9
1192.25
1192.1
1189
1189.35
1194.2
1194.95
1196.3
1193.2
1193.6
1195.7
1197.95
1197.55
1197.8
1194.25
1192.3
1191.3
1194.7
1184.15
1184.75
1187
1184.4
1180.45
1180.6
1181.65
1179.45
1177.8
1176.25
1174.25
1177.15
1176.95
1177
1178.1
1177.7
1178.6
1172.05
1174.55
1167.5
1164.7
1161.4
1157.9
1154
1154.3
1154.4
1154.5
1153.45
1151.3
1149.7
1150.9
1151.75
1154.45
1151.45
1153
1154
1155
1155.7
1152
1151.35
1151.55
1152.85
1151.05
1147.75
1148.2
1145
1150
1151.45
1148.4
1143.4
1139.15
1139.75
1139.95
1136.85
1137.05
1137.1
1136.75
1137.15
1137.85
1138.1
1138.45
1137.8
1139.8
1138.45
1136.75
1136.15
1135.45
1136.75
1136
1135.4
1132.65
1137.25
1141.35
1144.6
1140.85
1145.15
1128.85
1127.55
1130.3
1131.05
1134.1
1134.2
1132.4
1131.5
1135
1132.4
1132.05
1131.45
1130
1131.75
1132.9
1133.55
1135.5
1131.75
1134
1129.85
1129.75
1128.55
1125.1
1125.1
1126
1126.8
1127
1126.55
1120.35
1117.9
1115.35
1117.85
1116.15
1115.95
1116.4
1115.75
1115.75
1114.75
1112.1
1110.15
1109.85
1110.7
1110.1
1110.7
1112.8
1114.55
1116.6
1116.65
1117.95
1117.8
1120.1
1121.25
1117.1
1114.9
1114.55
1115
1115.95
1115.7
1114.7
1112.5
1113.3
1113.15
1112
1113
1115.15
1116
1116.2
1116
1115.75
1117.75
1116.6
1116.7
1117.95
1119.65
1118
1114.95
1112.65
1112.45
1115
1116.9
1114.75
1112.9
1114.35
1116.7
1117
1117
1117
1117
1118.2
1117.7
1116.5
1120
1121.35
1121.2
1119.7
1120.75
1118.2
1117.7
1117.75
1117.8
1117.1
1118.4
1118.45
1117.6
1118
1117
1116
1116.45
1115.5
1117.3
1120.25
1121.2
1115.9
1109
1111.45
1111.4
1110
1112.5
1113.7
1113.25
1111.4
1111.75
1112.05
1113.4
1112.5
1112.8
1112.7
1110.5
1110.5
1107.65
1114
1114.3
1115.25
1115
1117.45
1119.25
1117
1116
1117
1116.35
1115.5
1115.9
1113.2
1114.75
1113.5
1118.15
1118.05
1118.65
1122
1120.85
1120.05
1118.15
1120.5
1120.6
1120.8
1119.8
1120.2
1119.7
1119.8
1118.7
1120.2
1120.75
1120.3
1121.3
1118.5
1118.05
1116.25
1116.35
1116.75
1117.3
1118.25
1117.5
1118.5
1118.5
1115.35
1115.25
1115.5
1115.85
1116
1117.1
1116.55
1117.4
1115.15
1115.5
1118.35
1122.25
1123.35
1117.85
1117.05
1124
1127.75
1126.5
1128.1
1131.35
1133.8
1134.5
1134.4
1128.2
1123.75
1124.4
1124.4
1123.3
1124.75
1123.4
1124.1
1122.4
1122.95
1123.95
1124.2
1125.3
1124.1
1124.45
1123.5
1121.6
1123.6
1121.1
1120.6
1118.95
1121.45
1123.5
1123.3
1123.9
1128.15
1128
1124
1122.25
1120.55
1121.15
1114.35
1110.7
1100
1098.35
1097.95
1097
1098.45
1099.35
1098.35
1098.1
1097.95
1095.75
1095.9
1097.1
1096.65
1096.95
1096.05
1096.2
1095.95
1096.1
1096.95
1096
1094
1094.45
1094.85
1097.2
1098.25
1097.45
1096.7
1098.55
1099
1099
1099.55
1099.2
1095.95
1093.85
1094.6
1097.9
1093.3
1093
1092.8
1090
1089.75
1090.1
1090
1086
1084.85
1082.6
1085
1085.15
1085
1086.8
1087.4
1086
1086.25
1083.15
1084.2
1084.5
1091.15
1092.85
1091.3
1091.6
1094.6
1096.35
1095.95
1095.9
1096.15
1098.2
1097.6
1095.3
1096.8
1096.5
1094.65
1091.8
1094.3
1096
1093.55
1094.55
1092.25
1089.55
1087.95
1089.4
1089.2
1086.3
1085.7
1083.35
1081.85
1081.3
1081.95
1082.4
1082.75
1083.25
1084.15
1083.3
1082.55
1082.45
1082.5
1081.4
1082.85
1081.6
1081.6
1083.45
1082.1
1081.65
1081.85
1080.65
1080.2
1085.7
1083.6
1084.5
1089
1090.5
1090
1082
1078.65
1077
1075.95
1075.75
1075.55
1078.5
1079
1079.35
1083
1080
1079.7
1079
1079.5
1078.85
1078.9
1079.15
1078.3
1078
1079.6
1078.45
1077
1075.25
1075.05
1080.45
1079.85
1079
1081.45
1082
1083.7
1081.9
1084.05
1083.8
1082.85
1082.7
1084.1
1077.75
1080.5
1086.95
1101
1099.3
1101
1098.45
1094.1
1096.45
1099.2
1097.7
1099.25
1102.2
1103.05
1103.5
1103.6
1106.75
1102.35
1100.8
1099.9
1098.25
1098.75
1100.6
1100.75
1100.9
1100.85
1099
1099.85
1098.5
1096.3
1096.3
1094.3
1098.45
1097.5
1094.4
1096.6
1101.8
1105.25
1099.65
1095.5
1090.05
1080.9
1079.8
1082.2
1086
1090.4
1091.75
1091.7
1091.65
1090.95
1089.6
1092
1090.4
1093.5
1093.25
1092.6
1091.2
1095.4
1093.45
1094.15
1086.25
1087.65
1086.35
1084.7
1077.3
1068.55
1066.3
1065
1063
1061.6
1062.2
1061.95
1060.2
1060.6
1058.25
1056.85
1059.05
1057.5
1050.65
1038.3
1040.4
1037.4
1038.75
1038.7
1034.95
1033.7
1033.8
1033.3
1034.05
1034.6
1033
1030.95
1030.45
1030.45
1028.55
1027.75
1026.65
1026.9
1027.8
1028.1
1028.25
1029.9
1027.45
1027.3
1027.7
1027.05
1030.9
1033.3
1032.8
1028.6
1019.9
1020.45
1018.9
1019.4
1021.3
1020.5
1020.75
1027.5
1027.25
1024.65
1023.55
1021.65
1023.35
1022
1022.4
1022.1
1022
1020.9
1021.1
1019.4
1021.2
1020.5
1018.35
1018.95
1018.75
1018.5
1021.9
1021.45
1021.45
1018.85
1020.35
1021.05
1022.6
1021.9
1020.7
1019.55
1018.35
1015.3
1016.3
1018.4
1015.35
1014.45
1013.5
1011.75
1011.35
996
999.25
995.1
994.75
996.45
997.95
997.75
994.95
992.8
992.6
990.95
989.85
989
990.4
989.6
988.45
988
988.45
988.65
988.8
988.7
989.1
989.45
988.45
988.15
988.65
989.15
986.8
987.35
985.1
985.75
987
987.9
988.15
987.3
989.1
989.45
992.65
977.6
978.6
976.35
978.2
978.3
978.6
980.95
979.9
980.1
980.9
980.15
981
980.85
980.2
979.1
978.2
978.3
978.65
978.25
976.9
977.4
980.1
979.95
979.5
979.7
979.95
981.3
980.1
979.5
979.4
980.1
980.35
979.9
979.4
980.45
976.2
974.75
975.5
965
964.95
965.9
965.85
972.95
973.75
974.95
973.9
974
972.7
975.7
975.5
979.85
980.45
980.5
979.7
979.1
986
984.85
984.35
991.2
990.75
993.9
994.9
995.9
996.85
999.35
1006.4
1002.1
1000.5
1000.15
1002.75
1003.7
1003.5
1004.25
998.9
997.9
998.2
992
989.85
990.75
990.5
989.15
986.75
986.95
987.1
985
982.1
982.95
981.25
981
982.45
979.85
978
977.05
977.9
977.85
977.95
978.9
979.5
979.4
979.5
979.85
979.95
977.75
977.4
977.1
976.9
977.3
975.7
976.95
978.3
980.9
978.4
979.9
979.8
972.2
971.85
971.05
971.2
970.95
971.35
970
972.35
970.95
971
967.65
969.65
967.05
969
971.95
972.5
973.3
974.15
973.65
972.45
972.15
972.65
973.2
973.65
974.3
975.05
975.25
975.5
975.2
974.55
974.15
976.15
976.3
975.5
974.2
971.5
968
966.85
960
961
960.4
960.25
960.55
961.9
963.05
965.1
965.6
964.7
965.7
965.25
964.3
961.8
961.2
961.75
960.35
961
959.25
959
959.75
959.45
959
960.25
959.7
959.3
959.8
959.3
958.6
958.3
959.9
961.75
962.4
961.5
962
961.35
960.8
963
975
973.85
972.1
971.9
970.25
970.85
969.45
970.7
969.9
970.55
968.9
969.9
970.05
970
969.3
969
969.15
969
971.85
970.2
970.6
972.4
973.45
973.4
972.3
968.95
966.85
965.05
962.8
961.15
960.75
962.65
961.2
959.15
957.6
961.2
956.65
956.95
947.55
948.05
944
946.65
949.65
949.55
946.95
951.25
950.8
956.1
956.9
957.05
958.3
958.65
958.9
958.7
958.1
958
959.55
958.5
957.45
957.65
958.3
958.1
958.65
960.95
963.15
965.5
965.85
964.25
965.2
963.4
963.7
965.5
967
962.7
959.85
959.3
963.7
963.5
965.25
969
966.75
966.8
967.5
969.2
969.9
968.7
971.95
971.5
969.3
969.2
967.3
971.6
969.3
968.7
967.7
968.25
976.85
977.9
977.05
976.9
977.5
977.85
978.45
978.25
978.15
976.8
981.75
981.85
981.6
982.55
981.4
978.1
984.6
979.65
978.3
978.5
977.75
979.55
983
982.25
983.05
981.35
982
985.5
985.5
983.6
981.25
983.1
988.3
988.15
988.65
988.7
987.55
987.7
988.45
989.85
990.75
989.75
990
990.55
990.35
990.05
990
989.3
986.5
989.25
990.65
991.5
996.85
998.5
998.1
996.5
1005
1003.8
1003.95
1005.05
1006.05
1004.5
1010.1
1010
1010.3
1012.55
1013.15
1015.65
1013.8
1013.6
1013.35
1012.25
1014.55
1013.9
1013.75
1014.1
1013.65
1013.15
1013.55
1014.6
1012.9
1013.25
1011.1
1011.1
1013.15
1011.4
1012.15
1014.75
1010.4
1012.95
1013.35
1012.75
1010.5
1007
1012.5
1012.3
1012.65
1012.65
1011.9
1012.25
1011.05
1010
1011.8
1009
1012.35
1011.25
1012.8
1012.35
1013.3
1012.9
1013.9
1014.25
1016
1017.4
1019.5
1017.5
1012.1
1012.15
1012.6
1013
1012.5
1012.35
1013.6
1015.6
1014.5
1013.25
1015.35
1017.05
1016.45
1017.9
1021.5
1025.4
1031.6
1032.5
1031.85
1031.2
1029.5
1029.15
1027.4
1029.6
1030.95
1032.45
1032.1
1033.45
1034.1
1035.1
1034.65
1031.55
1031
1030.85
1031.15
1030.25
1030.95
1030.85
1029.55
1029.4
1031.7
1030.8
1031.25
1030.9
1031.15
1031.75
1030.4
1029
1027.75
1028.95
1025.65
1025.65
1028
1029.75
